1 2
2 3
2 4
2 5
2 6
2 7
2 8
2 9
2 10
2 11
2 12
2 13
2 14
2 15
2 16
2 17
2 18
2 19
2 20
2 21
2 22
2 23
2 24
25 26
26 27
26 28
29 30
30 31
30 32
30 33
34 35
35 36
35 37
35 38
35 39
35 40
35 41
35 42
31 35
35 43
32 35
35 44
33 35
35 45
35 46
35 47
34 36
34 48
34 49
34 37
34 50
34 51
34 52
34 53
34 54
27 34
34 55
34 56
34 57
34 58
34 38
34 59
34 39
34 60
34 61
34 62
34 63
34 40
34 64
34 65
34 66
34 67
34 41
34 68
34 69
34 42
34 70
31 34
34 71
34 43
34 72
32 34
34 44
33 34
34 45
34 46
34 47
34 73
34 74
34 75
34 76
77 78
78 79
80 81
81 82
25 81
48 81
81 83
81 84
54 81
81 85
81 86
55 81
7 81
81 87
81 88
81 89
81 90
81 91
81 92
8 81
10 81
81 93
81 94
81 95
81 96
11 81
16 81
18 81
81 97
81 98
81 99
81 100
81 101
81 102
81 103
81 104
81 105
20 81
67 81
81 106
81 107
28 81
81 108
81 109
81 110
81 111
23 81
81 112
24 81
81 113
81 114
81 115
81 116
81 117
81 118
74 81
81 119
75 81
76 81
1 4
1 6
1 7
1 120
1 11
1 12
1 13
1 14
1 15
1 121
1 122
1 123
1 19
1 20
1 67
1 124
1 21
1 23
1 24
1 125
82 126
126 127
126 128
126 129
91 126
126 130
97 126
126 131
126 132
122 126
123 126
101 126
126 133
126 134
126 135
31 126
126 136
23 126
126 137
47 126
80 82
25 80
80 84
54 80
55 80
7 80
80 87
80 89
80 90
80 91
8 80
80 94
16 80
80 98
80 99
80 100
80 103
80 105
80 106
80 108
80 109
80 110
80 111
80 117
80 119
75 80
82 127
82 128
82 129
82 84
54 82
55 82
82 91
82 130
82 98
82 99
82 100
82 133
82 135
82 109
82 110
82 136
82 111
82 137
47 82
75 82
138 139
48 139
139 140
84 139
54 139
27 139
85 139
86 139
55 139
7 139
87 139
91 139
56 139
93 139
100 139
104 139
112 139
74 139
119 139
75 139
76 139
36 141
36 37
36 51
36 56
36 39
36 60
36 142
36 40
36 66
36 68
36 42
36 143
36 70
31 36
36 71
36 43
32 36
36 44
33 36
36 45
36 46
36 47
36 73
25 27
7 25
25 87
25 89
25 90
25 94
25 62
25 98
25 100
25 103
25 105
25 106
25 28
25 108
25 109
25 110
25 111
25 115
25 144
25 117
25 74
25 119
145 146
3 146
146 147
10 146
146 148
17 146
146 149
146 150
3 145
145 147
9 145
10 145
145 148
17 145
145 149
145 150
151 152
67 152
48 138
52 138
138 140
138 153
54 138
27 138
85 138
86 138
55 138
7 138
87 138
56 138
38 138
60 138
138 154
61 138
62 138
100 138
66 138
104 138
19 138
20 138
67 138
68 138
42 138
70 138
109 138
32 138
33 138
138 155
138 156
73 138
74 138
119 138
75 138
76 138
48 157
48 140
48 84
48 54
27 48
48 85
48 86
48 55
7 48
48 87
48 90
48 104
48 105
48 67
48 115
48 117
48 74
48 119
48 75
48 76
3 157
7 157
90 157
9 157
130 157
94 157
67 157
134 157
109 157
23 157
158 159
10 159
93 159
12 159
13 159
14 159
15 159
149 159
18 159
19 159
20 159
67 159
111 159
112 159
125 159
114 159
159 160
74 159
76 159
127 128
127 129
7 127
127 130
97 127
127 133
127 135
127 136
23 127
127 137
47 127
3 4
3 5
3 158
3 6
3 147
3 7
3 8
3 9
3 130
3 10
3 148
3 13
3 14
3 16
3 17
3 149
3 150
3 18
3 20
3 67
3 21
3 23
3 24
3 125
3 160
141 142
132 141
141 143
70 141
31 141
37 51
37 52
37 56
37 38
37 39
37 60
37 61
37 62
37 40
37 64
37 66
37 41
37 68
37 42
37 70
31 37
37 71
37 43
32 37
37 44
33 37
37 45
37 46
37 114
37 156
37 47
37 73
37 161
50 52
50 53
50 58
50 62
50 65
50 66
50 69
42 50
50 70
31 50
32 50
33 50
51 52
51 56
38 51
39 51
51 60
51 61
51 62
40 51
51 64
51 66
41 51
51 68
42 51
51 70
31 51
51 71
43 51
32 51
33 51
45 51
46 51
51 156
47 51
51 73
51 161
52 53
52 56
52 58
38 52
52 60
52 154
52 61
52 62
52 63
52 64
52 65
52 66
52 67
41 52
52 68
52 69
42 52
52 70
31 52
32 52
44 52
33 52
46 52
52 156
52 73
52 161
162 163
128 140
54 140
27 140
85 140
86 140
55 140
7 140
87 140
140 164
97 140
140 165
104 140
112 140
74 140
119 140
75 140
76 140
128 166
4 128
128 129
128 167
128 168
128 169
7 128
87 128
128 151
128 170
128 171
128 172
128 173
128 130
128 148
12 128
13 128
14 128
15 128
128 149
128 164
128 150
18 128
128 174
121 128
97 128
101 128
128 165
19 128
20 128
128 133
128 135
21 128
128 136
23 128
128 137
47 128
4 166
129 166
166 167
166 168
166 169
7 166
151 166
166 170
166 171
166 172
166 173
148 166
12 166
13 166
14 166
15 166
149 166
164 166
150 166
18 166
166 174
121 166
131 166
166 175
101 166
165 166
19 166
20 166
166 176
133 166
21 166
23 166
137 166
90 162
93 162
117 162
4 167
4 168
4 6
4 169
4 7
4 151
4 170
4 171
4 172
4 173
4 177
4 8
4 9
4 11
4 12
4 13
4 14
4 15
4 16
4 17
4 149
4 164
4 150
4 18
4 174
4 121
4 101
4 165
4 19
4 20
4 133
4 21
4 178
4 23
4 112
4 24
4 137
4 179
83 84
54 83
27 83
83 85
83 86
7 83
83 88
83 90
83 92
10 83
83 93
83 94
83 104
28 83
83 109
83 110
83 111
83 112
83 125
83 114
83 117
74 83
83 119
75 83
76 83
61 180
180 181
31 180
71 180
180 182
129 167
129 168
129 170
129 130
129 148
129 149
129 131
129 175
129 176
129 133
129 135
129 136
129 137
47 129
53 183
130 183
131 183
70 183
31 183
183 184
167 168
167 169
7 167
151 167
167 170
167 171
167 172
167 173
148 167
12 167
13 167
14 167
15 167
149 167
164 167
150 167
18 167
167 174
121 167
131 167
167 175
101 167
165 167
19 167
20 167
167 176
133 167
21 167
23 167
137 167
185 186
38 186
60 186
154 186
62 186
63 186
67 186
5 6
5 153
5 10
5 17
5 164
5 165
5 67
5 22
5 160
5 155
158 187
9 158
10 158
158 188
93 158
12 158
13 158
14 158
15 158
149 158
18 158
122 158
123 158
101 158
19 158
20 158
67 158
158 189
109 158
136 158
111 158
112 158
125 158
114 158
158 160
74 158
76 158
153 168
168 169
7 168
151 168
168 170
168 171
168 172
168 173
168 177
148 168
12 168
13 168
14 168
15 168
149 168
164 168
150 168
18 168
168 174
121 168
101 168
165 168
19 168
20 168
133 168
135 168
21 168
168 178
23 168
24 168
137 168
168 179
38 185
60 185
154 185
62 185
63 185
67 185
6 153
6 7
6 10
6 11
6 12
6 13
6 14
6 15
6 17
6 164
6 165
6 19
6 20
6 21
6 22
6 23
6 24
6 155
71 190
32 190
182 190
10 147
147 148
17 147
147 149
147 150
84 191
54 84
27 84
55 84
7 84
84 88
84 89
84 90
84 91
59 84
84 93
61 84
84 98
84 99
84 100
84 122
84 123
84 102
84 103
84 105
67 84
84 124
84 189
70 84
28 84
84 109
84 110
84 136
84 111
84 125
84 114
84 115
84 117
74 84
84 119
75 84
54 153
86 153
7 153
153 171
153 172
153 173
153 177
10 153
153 154
153 164
121 153
97 153
100 153
153 165
19 153
20 153
135 153
109 153
153 178
23 153
137 153
153 155
75 153
53 57
53 58
53 59
53 62
53 65
53 66
53 67
53 69
42 53
53 70
31 53
32 53
33 53
53 125
53 184
54 191
7 191
93 191
154 191
75 191
27 54
54 85
54 86
54 55
7 54
54 87
54 88
54 91
10 54
54 93
54 154
54 97
54 98
54 99
54 100
54 104
19 54
20 54
54 70
28 54
54 109
54 110
54 111
54 112
54 114
54 155
54 74
54 119
54 75
54 76
27 85
27 86
27 55
7 27
27 87
27 88
27 89
27 90
27 93
27 94
27 95
27 96
27 62
27 97
27 102
27 104
27 105
27 107
27 70
27 28
27 109
27 110
27 111
23 27
27 112
27 125
27 113
27 114
27 144
27 116
27 117
27 118
27 74
27 119
27 75
27 76
85 86
55 85
7 85
85 87
85 88
10 85
85 93
85 104
28 85
85 109
85 111
85 112
85 114
74 85
85 119
75 85
76 85
55 86
7 86
86 87
86 88
10 86
86 93
86 154
86 97
86 100
86 104
19 86
20 86
28 86
86 109
86 111
86 112
86 114
86 155
74 86
86 119
75 86
76 86
7 55
55 87
55 90
55 91
55 93
55 120
55 97
55 98
55 99
55 100
55 123
55 104
55 105
55 67
55 124
55 109
55 110
55 111
55 115
55 117
55 74
55 119
55 75
55 76
7 169
151 169
169 170
169 171
169 172
169 173
12 169
13 169
14 169
15 169
149 169
164 169
150 169
18 169
169 174
121 169
101 169
165 169
19 169
20 169
133 169
21 169
136 169
23 169
137 169
169 179
169 192
187 188
13 187
14 187
122 187
123 187
101 187
67 187
187 189
109 187
136 187
125 187
7 87
7 151
7 170
7 171
7 172
7 173
7 177
7 89
7 90
7 92
7 9
7 130
7 10
7 93
7 154
7 120
7 148
7 95
7 96
7 11
7 12
7 13
7 14
7 15
7 149
7 164
7 150
7 18
7 174
7 121
7 97
7 98
7 100
7 122
7 123
7 101
7 165
7 102
7 103
7 104
7 105
7 19
7 20
7 133
7 67
7 106
7 124
7 107
7 28
7 108
7 21
7 109
7 110
7 111
7 178
7 23
7 24
7 125
7 137
7 155
7 179
7 116
7 117
7 118
7 74
7 119
7 75
7 76
87 89
87 90
87 164
87 97
87 98
87 100
87 165
87 103
87 104
87 105
87 106
87 108
87 109
87 113
87 117
74 87
87 119
75 87
76 87
151 170
151 171
151 172
151 173
12 151
13 151
14 151
15 151
149 151
151 164
150 151
18 151
151 174
121 151
101 151
151 165
19 151
20 151
133 151
21 151
23 151
137 151
170 171
170 172
170 173
148 170
12 170
13 170
14 170
15 170
149 170
164 170
150 170
18 170
170 174
121 170
101 170
165 170
19 170
20 170
133 170
21 170
23 170
137 170
171 172
171 173
12 171
13 171
14 171
15 171
149 171
164 171
150 171
18 171
171 174
121 171
101 171
165 171
19 171
20 171
133 171
135 171
21 171
23 171
112 171
137 171
172 173
12 172
13 172
14 172
15 172
149 172
164 172
150 172
18 172
172 174
121 172
101 172
165 172
19 172
20 172
133 172
67 172
135 172
21 172
23 172
112 172
137 172
12 173
13 173
14 173
15 173
149 173
164 173
150 173
18 173
173 174
121 173
101 173
165 173
19 173
20 173
133 173
67 173
135 173
21 173
23 173
112 173
137 173
160 173
88 90
10 88
88 93
88 193
88 94
16 88
88 103
88 176
88 133
67 88
70 88
28 88
88 109
22 88
88 111
88 112
88 125
88 114
88 117
74 88
88 119
75 88
13 177
15 177
20 177
133 177
21 177
177 178
23 177
24 177
155 177
177 179
89 90
56 89
60 89
89 94
89 154
61 89
89 95
89 96
11 89
62 89
13 89
18 89
89 174
89 121
89 97
89 98
89 100
89 122
89 123
89 101
89 102
89 103
89 105
20 89
67 89
89 106
89 124
89 189
89 107
28 89
89 108
89 109
89 110
89 111
23 89
24 89
89 125
89 194
89 113
89 155
89 144
89 116
89 117
89 118
74 89
89 119
56 90
90 93
60 90
90 94
90 154
90 95
90 96
11 90
62 90
13 90
18 90
90 121
90 97
90 98
90 100
90 122
90 123
90 101
90 102
90 103
90 105
20 90
67 90
90 106
90 124
90 189
90 107
28 90
90 108
90 109
90 110
90 111
32 90
23 90
90 112
24 90
90 125
90 194
90 113
90 114
90 155
90 115
90 144
90 116
90 117
90 118
74 90
90 119
91 92
8 91
91 93
16 91
91 97
91 98
91 99
91 100
91 131
91 132
91 122
91 123
91 101
91 134
28 91
31 91
91 109
91 110
91 111
23 91
91 119
75 91
8 92
16 92
28 92
92 110
92 111
38 56
39 56
56 60
56 154
56 61
56 62
13 56
56 121
56 66
56 67
56 68
56 189
42 56
56 70
56 71
43 56
32 56
33 56
56 125
56 156
47 56
56 73
8 9
8 94
8 16
8 17
8 18
8 98
8 100
8 28
8 21
8 110
8 111
8 23
8 24
57 58
57 59
57 60
57 62
57 65
57 66
57 67
57 69
42 57
57 70
57 72
32 57
33 57
57 125
57 161
58 59
58 62
58 65
58 66
58 67
58 69
42 58
58 70
31 58
33 58
58 125
38 39
38 60
38 154
38 61
38 62
38 63
38 40
38 64
38 66
38 67
38 41
38 68
38 42
38 70
32 38
38 44
33 38
38 45
38 156
38 73
9 130
9 148
9 11
9 13
9 14
9 16
9 17
9 18
9 67
9 134
9 21
9 109
9 23
9 24
9 125
9 137
9 160
9 192
59 60
59 62
59 122
59 65
59 66
59 67
59 124
59 189
59 69
42 59
59 70
59 72
32 59
33 59
59 125
130 148
11 130
130 133
130 135
130 136
23 130
130 137
130 184
47 130
10 93
10 12
10 13
10 14
10 15
10 17
10 149
10 164
10 18
10 165
10 19
10 20
10 67
10 28
10 109
10 111
10 112
10 125
10 114
10 160
10 155
10 74
10 119
10 75
10 76
13 188
122 188
123 188
101 188
67 188
188 189
93 193
93 94
93 120
61 93
12 93
13 93
14 93
15 93
16 93
93 149
18 93
93 174
93 97
93 100
93 122
93 123
93 103
19 93
20 93
93 176
93 133
67 93
93 134
93 106
93 124
70 93
28 93
93 109
22 93
93 111
23 93
93 112
93 125
93 114
93 160
93 115
93 117
74 93
93 119
75 93
76 93
122 193
104 193
176 193
133 193
67 193
109 193
22 193
112 193
193 194
155 193
74 193
119 193
39 60
39 40
39 66
39 68
39 42
39 70
39 71
39 43
32 39
39 44
39 47
39 73
60 154
60 61
60 62
60 63
40 60
60 64
60 66
60 67
41 60
60 68
42 60
60 70
31 60
60 71
43 60
60 72
32 60
44 60
33 60
45 60
46 60
60 156
47 60
60 73
60 161
62 94
16 94
94 98
94 100
94 105
28 94
94 109
94 110
94 111
94 144
94 117
74 94
94 119
61 154
62 154
63 154
13 154
121 154
100 154
66 154
19 154
20 154
67 154
68 154
154 189
42 154
70 154
109 154
32 154
33 154
125 154
154 155
154 156
73 154
75 154
11 120
120 122
120 123
103 120
20 120
67 120
106 120
120 124
70 120
109 120
24 120
120 125
75 120
61 62
61 63
61 64
61 102
61 66
61 181
61 67
41 61
61 68
42 61
61 70
31 61
32 61
44 61
33 61
45 61
46 61
61 156
61 73
61 161
11 148
17 148
148 149
148 150
131 148
148 175
148 176
133 148
135 148
23 148
137 148
142 143
31 142
72 142
95 96
11 95
18 95
95 97
95 100
95 122
95 123
95 101
95 102
95 103
95 105
20 95
67 95
95 107
23 95
24 95
95 194
95 113
95 155
95 116
95 117
95 118
11 96
18 96
96 97
96 100
96 122
96 123
96 101
96 102
96 105
20 96
67 96
96 107
23 96
24 96
96 194
96 113
96 155
96 116
96 117
96 118
11 12
11 13
11 14
11 15
11 18
11 121
11 97
11 101
11 102
11 103
11 19
11 20
11 133
11 67
11 106
11 124
11 107
11 21
11 109
11 23
11 24
11 125
11 137
11 116
11 117
11 118
62 63
62 64
62 102
62 65
62 66
62 105
62 67
41 62
62 68
62 124
62 69
42 62
62 70
28 62
31 62
62 109
62 110
62 72
62 111
32 62
44 62
33 62
45 62
46 62
62 156
62 144
62 73
62 117
62 74
62 161
63 64
63 66
63 67
41 63
42 63
63 70
32 63
44 63
33 63
12 13
12 14
12 15
12 149
12 164
12 150
12 18
12 174
12 121
12 101
12 165
12 19
12 20
12 133
12 67
12 21
12 111
12 23
12 112
12 24
12 125
12 114
12 137
12 160
12 74
12 76
13 14
13 15
13 149
13 164
13 150
13 18
13 174
13 121
13 122
13 123
13 101
13 165
13 19
13 20
13 133
13 67
13 189
13 21
13 111
13 178
13 23
13 112
13 24
13 125
13 114
13 137
13 160
13 179
13 74
13 76
14 15
14 149
14 164
14 150
14 18
14 174
14 121
14 101
14 165
14 19
14 20
14 133
14 67
14 21
14 111
14 23
14 112
14 24
14 125
14 114
14 137
14 160
14 74
14 76
15 149
15 164
15 150
15 18
15 174
15 121
15 101
15 165
15 19
15 20
15 133
15 67
15 21
15 111
15 178
15 23
15 112
15 24
15 125
15 114
15 137
15 160
15 179
15 74
15 76
40 66
40 41
40 68
40 42
40 43
32 40
40 44
33 40
40 45
40 46
40 47
16 17
16 18
16 98
16 100
16 28
16 21
16 110
16 111
16 23
16 24
16 114
17 149
17 150
17 18
17 21
17 22
17 23
17 24
149 164
149 150
18 149
149 174
121 149
101 149
149 165
19 149
20 149
133 149
67 149
21 149
111 149
23 149
112 149
125 149
114 149
137 149
149 160
74 149
76 149
150 164
18 164
164 174
121 164
97 164
101 164
164 165
19 164
20 164
133 164
21 164
23 164
137 164
155 164
164 179
164 192
18 150
150 174
121 150
101 150
150 165
19 150
20 150
133 150
21 150
136 150
23 150
137 150
150 179
150 192
18 174
18 121
18 97
18 101
18 165
18 102
18 19
18 20
18 133
18 67
18 107
18 21
18 111
18 23
18 112
18 24
18 125
18 114
18 137
18 160
18 116
18 117
18 118
18 74
18 76
121 174
101 174
165 174
19 174
20 174
133 174
21 174
23 174
112 174
113 174
137 174
101 121
121 165
19 121
20 121
121 133
67 121
121 135
121 189
21 121
23 121
112 121
24 121
121 125
121 137
121 160
97 131
97 132
97 122
97 123
97 101
97 165
97 102
20 97
97 134
97 107
31 97
23 97
97 112
24 97
97 116
97 117
97 118
74 97
97 119
75 97
98 99
98 100
98 103
98 105
98 106
28 98
98 108
98 109
98 110
98 111
98 117
98 119
75 98
99 100
99 109
99 110
99 111
75 99
100 102
100 103
100 105
19 100
20 100
67 100
100 106
100 124
100 107
100 108
100 109
100 110
100 111
100 155
100 116
100 117
100 118
100 119
75 100
29 143
29 77
29 31
29 79
29 32
29 33
131 132
122 131
131 175
123 131
101 131
131 176
131 133
131 134
31 131
23 131
131 137
131 184
122 132
123 132
101 132
132 134
31 132
23 132
132 137
132 155
122 123
101 122
102 122
104 122
20 122
67 122
122 134
122 124
122 189
107 122
31 122
23 122
112 122
122 125
122 194
113 122
122 155
116 122
117 122
118 122
74 122
175 195
175 176
133 175
137 175
101 123
102 123
20 123
67 123
123 134
123 124
123 189
107 123
31 123
109 123
23 123
123 125
123 194
113 123
123 155
116 123
117 123
118 123
75 123
101 165
101 102
19 101
20 101
101 133
67 101
101 134
101 189
101 107
31 101
21 101
23 101
24 101
101 137
101 116
101 117
101 118
19 165
20 165
133 165
21 165
136 165
23 165
137 165
155 165
165 179
165 192
64 66
41 64
64 68
31 64
46 64
64 156
64 161
102 105
20 102
67 102
102 124
102 107
102 108
23 102
24 102
102 194
102 113
102 155
102 116
102 117
102 118
65 66
65 67
65 69
42 65
65 70
31 65
32 65
33 65
65 125
103 105
67 103
103 106
103 124
28 103
103 108
103 109
103 111
24 103
103 125
103 114
103 115
103 117
103 119
66 67
41 66
66 68
66 69
42 66
66 70
31 66
66 71
43 66
32 66
44 66
33 66
45 66
46 66
66 156
47 66
66 73
66 117
67 104
104 112
104 194
104 155
74 104
104 119
75 104
76 104
67 105
105 106
105 107
28 105
105 108
105 109
105 110
105 111
105 113
105 115
105 144
105 116
105 117
105 118
74 105
105 119
19 20
19 133
19 67
19 135
19 21
19 109
19 111
19 23
19 112
19 24
19 125
19 114
19 137
19 160
19 155
19 74
19 75
19 76
20 133
20 67
20 106
20 124
20 107
20 21
20 109
20 111
20 178
20 23
20 112
20 24
20 125
20 114
20 137
20 160
20 155
20 179
20 116
20 117
20 118
20 74
20 75
20 76
71 181
43 181
32 181
181 182
133 176
22 176
137 176
119 176
133 135
21 133
22 133
133 136
133 178
23 133
24 133
133 137
133 179
47 133
119 133
67 134
41 67
67 68
67 106
67 124
67 189
67 69
67 107
42 67
67 70
28 67
67 108
67 109
67 110
67 136
67 72
67 111
32 67
23 67
67 112
24 67
33 67
67 125
67 194
67 113
67 114
67 160
67 155
67 156
67 115
67 192
67 116
67 73
67 117
67 118
67 74
67 75
67 76
31 134
109 134
23 134
134 192
41 196
41 42
41 70
41 71
32 41
41 44
33 41
41 45
41 114
135 136
135 137
47 135
42 68
68 70
31 68
68 71
43 68
32 68
44 68
33 68
45 68
46 68
68 156
47 68
68 73
68 161
106 124
106 108
106 109
24 106
106 125
106 117
106 119
124 189
70 124
28 124
109 124
110 124
111 124
23 124
24 124
124 125
115 124
118 124
75 124
125 189
42 69
69 70
31 69
33 69
69 125
69 161
32 196
107 108
23 107
24 107
107 194
107 113
107 155
107 116
107 117
107 118
42 70
31 42
42 43
32 42
42 44
33 42
42 45
42 125
42 46
42 156
42 47
42 73
31 143
28 70
31 70
70 71
43 70
70 197
70 72
32 70
44 70
33 70
45 70
70 125
46 70
70 114
70 184
70 156
47 70
70 73
70 74
70 119
28 108
28 109
28 110
28 111
28 112
28 114
28 115
28 144
28 117
28 74
28 119
28 75
108 109
108 113
108 115
108 116
108 117
108 118
108 119
77 79
31 72
31 32
23 31
31 33
31 184
31 161
21 178
21 23
21 112
21 24
21 137
21 179
43 71
32 71
71 114
71 182
47 71
71 73
32 43
43 44
33 43
43 45
43 46
43 47
43 73
79 182
109 110
109 111
23 109
109 112
24 109
109 125
109 114
109 155
109 144
109 192
109 117
74 109
109 119
75 109
22 119
110 111
110 144
110 117
74 110
75 110
136 137
136 179
136 192
47 136
32 72
33 72
45 72
111 112
111 125
111 114
111 160
111 144
111 117
74 111
111 119
75 111
76 111
115 198
23 178
24 178
155 178
178 179
32 44
32 33
32 45
32 46
32 156
32 47
32 73
32 161
23 112
23 24
23 137
23 179
23 116
23 117
23 118
23 74
23 119
33 44
44 45
44 46
44 47
112 125
112 194
112 114
112 160
112 155
112 117
74 112
112 119
75 112
76 112
24 125
24 179
24 116
24 117
24 118
33 45
33 46
33 156
33 47
33 73
45 46
45 156
45 47
45 73
114 125
125 160
117 125
74 125
76 125
113 194
155 194
116 194
117 194
118 194
74 194
46 156
46 47
46 117
46 161
113 155
113 116
113 117
113 118
114 160
114 117
74 114
114 119
75 114
76 114
137 155
47 137
155 160
74 160
76 160
116 155
117 155
118 155
74 155
75 155
73 156
156 161
115 117
117 144
74 144
179 192
47 73
116 117
116 118
117 118
74 117
117 119
74 119
74 75
74 76
75 119
76 119
75 76
